   Compiling uscreen v1.2.3 (/work/host)
    Finished `test` profile [unoptimized + debuginfo] target(s) in 7.12s
     Running unittests src/main.rs (/build/debug/deps/uscreen-6c41124dac39021e)

running 2 tests
test input::batching_tests::t406_pen_down_preserves_proximity_button_tip_boundaries ...
thread 'input::batching_tests::t406_pen_down_preserves_proximity_button_tip_boundaries' panicked at host/src/input/batching_tests.rs:85:5:
assertion `left == right` failed: T406: one immediate write per existing SYN frame
  left: [24, 24, 24, 24, 24, 24, 24, 24, 24, 24, 24]
 right: [144, 48, 72]
note: run with `RUST_BACKTRACE=1` environment variable to display a backtrace
FAILED
test input::batching_tests::t406_replay_writes_once_per_existing_sync_frame ... T406_FIXTURE=[[[1,320,1],[3,0,101],[3,1,202],[3,24,0],[3,26,209],[3,27,-419],[0,0,0],[1,331,1],[0,0,0],[1,320,1],[3,0,101],[3,1,202],[3,26,209],[3,27,-419],[0,0,0],[1,330,1],[3,24,777],[0,0,0],[1,331,0],[0,0,0],[3,0,101],[3,1,202],[3,24,777],[3,26,209],[3,27,-419],[0,0,0],[3,0,101],[3,1,202],[3,26,209],[3,27,-419],[1,330,0],[3,24,0],[0,0,0],[1,331,0],[0,0,0],[1,331,0],[1,330,0],[1,320,0],[1,321,0],[3,24,0],[0,0,0],[1,321,1],[3,0,101],[3,1,202],[3,24,0],[3,26,209],[3,27,-419],[0,0,0],[1,331,1],[0,0,0],[1,321,1],[3,0,101],[3,1,202],[3,26,209],[3,27,-419],[0,0,0],[1,330,1],[3,24,777],[0,0,0],[1,331,0],[0,0,0],[3,0,101],[3,1,202],[3,24,777],[3,26,209],[3,27,-419],[0,0,0],[3,0,101],[3,1,202],[3,26,209],[3,27,-419],[1,330,0],[3,24,0],[0,0,0],[1,331,0],[0,0,0],[1,331,0],[1,330,0],[1,320,0],[1,321,0],[3,24,0],[0,0,0],[1,320,1],[3,0,303],[3,1,404],[3,26,0],[3,27,0],[0,0,0],[1,331,1],[0,0,0],[1,330,1],[3,24,555],[0,0,0],[1,330,0],[1,320,0],[1,321,0],[3,24,0],[0,0,0],[1,331,0],[0,0,0]],[[3,47,0],[3,57,0],[3,53,100],[3,54,200],[3,58,300],[1,330,1],[1,325,1],[3,0,100],[3,1,200],[3,24,300],[0,0,0],[3,47,1],[3,57,1],[3,53,101],[3,54,200],[3,58,300],[1,330,1],[1,325,1],[3,0,100],[3,1,200],[3,24,300],[0,0,0],[3,47,2],[3,57,2],[3,53,102],[3,54,200],[3,58,300],[1,330,1],[1,325,1],[3,0,100],[3,1,200],[3,24,300],[0,0,0],[3,47,3],[3,57,3],[3,53,103],[3,54,200],[3,58,300],[1,330,1],[1,325,1],[3,0,100],[3,1,200],[3,24,300],[0,0,0],[3,47,4],[3,57,4],[3,53,104],[3,54,200],[3,58,300],[1,330,1],[1,325,1],[3,0,100],[3,1,200],[3,24,300],[0,0,0],[3,47,5],[3,57,5],[3,53,105],[3,54,200],[3,58,300],[1,330,1],[1,325,1],[3,0,100],[3,1,200],[3,24,300],[0,0,0],[3,47,6],[3,57,6],[3,53,106],[3,54,200],[3,58,300],[1,330,1],[1,325,1],[3,0,100],[3,1,200],[3,24,300],[0,0,0],[3,47,7],[3,57,7],[3,53,107],[3,54,200],[3,58,300],[1,330,1],[1,325,1],[3,0,100],[3,1,200],[3,24,300],[0,0,0],[3,47,8],[3,57,8],[3,53,108],[3,54,200],[3,58,300],[1,330,1],[1,325,1],[3,0,100],[3,1,200],[3,24,300],[0,0,0],[3,47,9],[3,57,9],[3,53,109],[3,54,200],[3,58,300],[1,330,1],[1,325,1],[3,0,100],[3,1,200],[3,24,300],[0,0,0],[3,47,9],[3,53,999],[3,54,888],[3,58,777],[1,330,1],[1,325,1],[3,0,100],[3,1,200],[3,24,300],[0,0,0],[3,47,0],[3,57,-1],[1,330,1],[1,325,1],[3,0,101],[3,1,200],[3,24,300],[0,0,0],[3,47,1],[3,57,-1],[3,47,2],[3,57,-1],[3,47,3],[3,57,-1],[3,47,4],[3,57,-1],[3,47,5],[3,57,-1],[3,47,6],[3,57,-1],[3,47,7],[3,57,-1],[3,47,8],[3,57,-1],[3,47,9],[3,57,-1],[1,330,0],[1,325,0],[3,24,0],[0,0,0]],[[3,0,101],[3,1,202],[0,0,0],[3,0,101],[3,1,202],[0,0,0]]]
FAILED

failures:

failures:
    input::batching_tests::t406_pen_down_preserves_proximity_button_tip_boundaries
    input::batching_tests::t406_replay_writes_once_per_existing_sync_frame

test result: FAILED. 0 passed; 2 failed; 0 ignored; 0 measured; 235 filtered out; finished in 0.00s


thread 'input::batching_tests::t406_replay_writes_once_per_existing_sync_frame' panicked at host/src/input/batching_tests.rs:162:9:
assertion `left == right` failed: T406: repeated writes within one SYN frame
  left: 100
 right: 23
error: test failed, to rerun pass `-p uscreen --bin uscreen`
